,A,B,C,E,F,G,H,I,J
A,0,1.444963089310427,1.6917283331811444,1.18700460778018,2.5179447264071175,8.638832188264303,8.397603375032235,10.04488636145519,11.49373894486735
B,1.444963089310427,0,1.5930411382735254,0.7097057289522848,1.495205707854117,7.770093408492315,7.237314667060609,9.135393503503515,10.744387125857614
C,1.6917283331811444,1.5930411382735254,0,0.8861397483186888,1.1973680346526603,7.054308209738693,6.951367965744959,8.471394884531612,9.906688951809402
E,1.18700460778018,0.7097057289522848,0.8861397483186888,0,1.2941359170879192,7.620938089312248,7.3045082106129176,9.018410826775579,10.536997662801863
F,2.5179447264071175,1.495205707854117,1.1973680346526603,1.2941359170879192,0,6.501728628939084,6.132797094252874,7.888187785012512,9.458164833246409
G,8.638832188264303,7.770093408492315,7.054308209738693,7.620938089312248,6.501728628939084,0,2.3664374040293925,1.2706757831891107,2.883523354102527
H,8.397603375032235,7.237314667060609,6.951367965744959,7.3045082106129176,6.132797094252874,2.3664374040293925,0,2.819872654042717,4.767007314598821
I,10.04488636145519,9.135393503503515,8.471394884531612,9.018410826775579,7.888187785012512,1.2706757831891107,2.819872654042717,0,1.8635706264448855
J,11.49373894486735,10.744387125857614,9.906688951809402,10.536997662801863,9.458164833246409,2.883523354102527,4.767007314598821,1.8635706264448855,0